10	10	100	58
10	10	100	54
10	10	100	49
10	10	100	63
10	10	100	54
10	10	100	59
10	10	100	61
10	10	100	63
10	10	100	65
10	10	100	64
10	11	110	74
10	11	110	69
10	11	110	71
10	11	110	71
10	11	110	58
10	11	110	65
10	11	110	52
10	11	110	60
10	11	110	53
10	11	110	79
10	12	120	68
10	12	120	71
10	12	120	73
10	12	120	82
10	12	120	70
10	12	120	76
10	12	120	66
10	12	120	78
10	12	120	74
10	12	120	84
10	13	130	78
10	13	130	65
10	13	130	76
10	13	130	90
10	13	130	63
10	13	130	69
10	13	130	62
10	13	130	68
10	13	130	71
10	13	130	81
10	14	140	75
10	14	140	67
10	14	140	76
10	14	140	70
10	14	140	89
10	14	140	73
10	14	140	98
10	14	140	67
10	14	140	98
10	14	140	75
10	15	150	88
10	15	150	90
10	15	150	66
10	15	150	65
10	15	150	85
10	15	150	89
10	15	150	83
10	15	150	87
10	15	150	92
10	15	150	78
10	16	160	76
10	16	160	78
10	16	160	94
10	16	160	83
10	16	160	85
10	16	160	75
10	16	160	92
10	16	160	81
10	16	160	88
10	16	160	94
10	17	170	100
10	17	170	95
10	17	170	93
10	17	170	97
10	17	170	79
10	17	170	96
10	17	170	80
10	17	170	101
10	17	170	107
10	17	170	101
10	18	180	122
10	18	180	102
10	18	180	113
10	18	180	88
10	18	180	112
10	18	180	117
10	18	180	115
10	18	180	84
10	18	180	99
10	18	180	98
10	19	190	78
10	19	190	113
10	19	190	105
10	19	190	95
10	19	190	99
10	19	190	93
10	19	190	85
10	19	190	91
10	19	190	117
10	19	190	100
10	20	200	117
10	20	200	111
10	20	200	79
10	20	200	123
10	20	200	99
10	20	200	120
10	20	200	129
10	20	200	95
10	20	200	108
10	20	200	110
10	21	210	114
10	21	210	142
10	21	210	128
10	21	210	111
10	21	210	94
10	21	210	123
10	21	210	105
10	21	210	135
10	21	210	113
10	21	210	131
10	22	220	132
10	22	220	95
10	22	220	117
10	22	220	102
10	22	220	128
10	22	220	113
10	22	220	108
10	22	220	131
10	22	220	111
10	22	220	129
10	23	230	123
10	23	230	124
10	23	230	103
10	23	230	80
10	23	230	122
10	23	230	135
10	23	230	111
10	23	230	127
10	23	230	138
10	23	230	130
10	24	240	101
10	24	240	143
10	24	240	125
10	24	240	104
10	24	240	107
10	24	240	108
10	24	240	100
10	24	240	137
10	24	240	132
10	24	240	110
10	25	250	122
10	25	250	115
10	25	250	133
10	25	250	131
10	25	250	120
10	25	250	143
10	25	250	130
10	25	250	138
10	25	250	128
10	25	250	133
10	26	260	146
10	26	260	154
10	26	260	120
10	26	260	150
10	26	260	99
10	26	260	151
10	26	260	135
10	26	260	126
10	26	260	140
10	26	260	129
10	27	270	154
10	27	270	152
10	27	270	143
10	27	270	129
10	27	270	173
10	27	270	149
10	27	270	127
10	27	270	138
10	27	270	124
10	27	270	126
10	28	280	157
10	28	280	141
10	28	280	111
10	28	280	151
10	28	280	134
10	28	280	153
10	28	280	155
10	28	280	130
10	28	280	159
10	28	280	149
10	29	290	130
10	29	290	165
10	29	290	139
10	29	290	142
10	29	290	168
10	29	290	158
10	29	290	159
10	29	290	134
10	29	290	165
10	29	290	152
10	30	300	163
10	30	300	167
10	30	300	175
10	30	300	145
10	30	300	156
10	30	300	159
10	30	300	129
10	30	300	171
10	30	300	137
10	30	300	131
10	31	310	180
10	31	310	148
10	31	310	164
10	31	310	181
10	31	310	171
10	31	310	140
10	31	310	157
10	31	310	129
10	31	310	161
10	31	310	146
10	32	320	175
10	32	320	171
10	32	320	163
10	32	320	187
10	32	320	173
10	32	320	174
10	32	320	175
10	32	320	175
10	32	320	156
10	32	320	153
10	33	330	179
10	33	330	181
10	33	330	162
10	33	330	177
10	33	330	138
10	33	330	143
10	33	330	150
10	33	330	174
10	33	330	193
10	33	330	158
10	34	340	136
10	34	340	172
10	34	340	176
10	34	340	183
10	34	340	165
10	34	340	190
10	34	340	123
10	34	340	171
10	34	340	180
10	34	340	157
10	35	350	171
10	35	350	189
10	35	350	171
10	35	350	180
10	35	350	189
10	35	350	171
10	35	350	215
10	35	350	172
10	35	350	187
10	35	350	175
10	36	360	146
10	36	360	173
10	36	360	192
10	36	360	167
10	36	360	191
10	36	360	202
10	36	360	207
10	36	360	149
10	36	360	210
10	36	360	191
10	37	370	135
10	37	370	197
10	37	370	162
10	37	370	222
10	37	370	190
10	37	370	174
10	37	370	218
10	37	370	220
10	37	370	170
10	37	370	209
10	38	380	204
10	38	380	169
10	38	380	182
10	38	380	207
10	38	380	210
10	38	380	183
10	38	380	188
10	38	380	210
10	38	380	215
10	38	380	180
10	39	390	208
10	39	390	171
10	39	390	181
10	39	390	205
10	39	390	163
10	39	390	133
10	39	390	221
10	39	390	197
10	39	390	176
10	39	390	204
10	40	400	201
10	40	400	208
10	40	400	185
10	40	400	199
10	40	400	211
10	40	400	179
10	40	400	233
10	40	400	182
10	40	400	238
10	40	400	203
10	41	410	197
10	41	410	200
10	41	410	170
10	41	410	178
10	41	410	221
10	41	410	196
10	41	410	207
10	41	410	208
10	41	410	166
10	41	410	214
10	42	420	219
10	42	420	186
10	42	420	214
10	42	420	188
10	42	420	243
10	42	420	205
10	42	420	232
10	42	420	245
10	42	420	198
10	42	420	248
10	43	430	213
10	43	430	233
10	43	430	235
10	43	430	190
10	43	430	225
10	43	430	186
10	43	430	230
10	43	430	178
10	43	430	204
10	43	430	238
10	44	440	185
10	44	440	241
10	44	440	254
10	44	440	226
10	44	440	189
10	44	440	226
10	44	440	190
10	44	440	145
10	44	440	174
10	44	440	240
10	45	450	233
10	45	450	240
10	45	450	244
10	45	450	197
10	45	450	272
10	45	450	222
10	45	450	223
10	45	450	215
10	45	450	209
10	45	450	261
10	46	460	162
10	46	460	232
10	46	460	186
10	46	460	218
10	46	460	215
10	46	460	190
10	46	460	270
10	46	460	231
10	46	460	219
10	46	460	256
10	47	470	230
10	47	470	232
10	47	470	237
10	47	470	228
10	47	470	254
10	47	470	216
10	47	470	243
10	47	470	256
10	47	470	225
10	47	470	158
10	48	480	250
10	48	480	241
10	48	480	186
10	48	480	242
10	48	480	239
10	48	480	266
10	48	480	251
10	48	480	245
10	48	480	267
10	48	480	251
10	49	490	272
10	49	490	249
10	49	490	268
10	49	490	250
10	49	490	211
10	49	490	236
10	49	490	230
10	49	490	274
10	49	490	259
10	49	490	262
10	50	500	239
10	50	500	286
10	50	500	264
10	50	500	240
10	50	500	256
10	50	500	257
10	50	500	247
10	50	500	262
10	50	500	222
10	50	500	297
10	51	510	232
10	51	510	251
10	51	510	219
10	51	510	287
10	51	510	249
10	51	510	240
10	51	510	248
10	51	510	204
10	51	510	231
10	51	510	256
10	52	520	238
10	52	520	253
10	52	520	323
10	52	520	274
10	52	520	288
10	52	520	248
10	52	520	256
10	52	520	220
10	52	520	277
10	52	520	269
10	53	530	273
10	53	530	255
10	53	530	192
10	53	530	290
10	53	530	275
10	53	530	291
10	53	530	267
10	53	530	268
10	53	530	245
10	53	530	236
10	54	540	250
10	54	540	243
10	54	540	214
10	54	540	242
10	54	540	269
10	54	540	266
10	54	540	267
10	54	540	257
10	54	540	269
10	54	540	277
10	55	550	246
10	55	550	268
10	55	550	257
10	55	550	260
10	55	550	268
10	55	550	226
10	55	550	254
10	55	550	248
10	55	550	310
10	55	550	264
10	56	560	232
10	56	560	321
10	56	560	307
10	56	560	288
10	56	560	273
10	56	560	302
10	56	560	300
10	56	560	254
10	56	560	264
10	56	560	337
10	57	570	236
10	57	570	258
10	57	570	293
10	57	570	309
10	57	570	256
10	57	570	267
10	57	570	303
10	57	570	278
10	57	570	286
10	57	570	263
10	58	580	204
10	58	580	303
10	58	580	297
10	58	580	255
10	58	580	282
10	58	580	304
10	58	580	331
10	58	580	316
10	58	580	300
10	58	580	331
10	59	590	292
10	59	590	278
10	59	590	287
10	59	590	295
10	59	590	296
10	59	590	281
10	59	590	289
10	59	590	273
10	59	590	274
10	59	590	269
10	60	600	235
10	60	600	285
10	60	600	211
10	60	600	295
10	60	600	307
10	60	600	307
10	60	600	260
10	60	600	280
10	60	600	217
10	60	600	257
10	61	610	287
10	61	610	313
10	61	610	289
10	61	610	282
10	61	610	232
10	61	610	296
10	61	610	276
10	61	610	220
10	61	610	309
10	61	610	298
10	62	620	263
10	62	620	330
10	62	620	284
10	62	620	250
10	62	620	322
10	62	620	278
10	62	620	186
10	62	620	314
10	62	620	309
10	62	620	311
10	63	630	278
10	63	630	318
10	63	630	319
10	63	630	264
10	63	630	323
10	63	630	284
10	63	630	314
10	63	630	289
10	63	630	211
10	63	630	319
10	64	640	333
10	64	640	306
10	64	640	329
10	64	640	352
10	64	640	292
10	64	640	291
10	64	640	335
10	64	640	252
10	64	640	296
10	64	640	325
10	65	650	300
10	65	650	298
10	65	650	308
10	65	650	352
10	65	650	294
10	65	650	284
10	65	650	304
10	65	650	320
10	65	650	298
10	65	650	298
10	66	660	344
10	66	660	303
10	66	660	347
10	66	660	297
10	66	660	258
10	66	660	306
10	66	660	290
10	66	660	271
10	66	660	326
10	66	660	287
10	67	670	285
10	67	670	315
10	67	670	308
10	67	670	366
10	67	670	312
10	67	670	334
10	67	670	233
10	67	670	313
10	67	670	338
10	67	670	293
10	68	680	333
10	68	680	336
10	68	680	337
10	68	680	297
10	68	680	280
10	68	680	285
10	68	680	271
10	68	680	305
10	68	680	213
10	68	680	371
10	69	690	338
10	69	690	262
10	69	690	340
10	69	690	359
10	69	690	324
10	69	690	331
10	69	690	394
10	69	690	291
10	69	690	344
10	69	690	320
10	70	700	325
10	70	700	322
10	70	700	334
10	70	700	384
10	70	700	330
10	70	700	338
10	70	700	345
10	70	700	299
10	70	700	273
10	70	700	359
10	71	710	278
10	71	710	360
10	71	710	374
10	71	710	365
10	71	710	325
10	71	710	269
10	71	710	330
10	71	710	281
10	71	710	320
10	71	710	345
10	72	720	325
10	72	720	303
10	72	720	376
10	72	720	361
10	72	720	178
10	72	720	284
10	72	720	349
10	72	720	308
10	72	720	310
10	72	720	321
10	73	730	361
10	73	730	307
10	73	730	308
10	73	730	347
10	73	730	277
10	73	730	372
10	73	730	334
10	73	730	368
10	73	730	342
10	73	730	311
10	74	740	314
10	74	740	355
10	74	740	374
10	74	740	352
10	74	740	356
10	74	740	276
10	74	740	305
10	74	740	289
10	74	740	363
10	74	740	389
10	75	750	332
10	75	750	361
10	75	750	341
10	75	750	361
10	75	750	351
10	75	750	296
10	75	750	417
10	75	750	401
10	75	750	364
10	75	750	289
10	76	760	373
10	76	760	378
10	76	760	306
10	76	760	420
10	76	760	312
10	76	760	337
10	76	760	362
10	76	760	390
10	76	760	317
10	76	760	368
10	77	770	343
10	77	770	398
10	77	770	374
10	77	770	288
10	77	770	321
10	77	770	367
10	77	770	356
10	77	770	261
10	77	770	366
10	77	770	333
10	78	780	320
10	78	780	329
10	78	780	317
10	78	780	406
10	78	780	335
10	78	780	372
10	78	780	370
10	78	780	368
10	78	780	378
10	78	780	396
10	79	790	351
10	79	790	365
10	79	790	369
10	79	790	310
10	79	790	434
10	79	790	312
10	79	790	384
10	79	790	355
10	79	790	379
10	79	790	414
10	80	800	316
10	80	800	354
10	80	800	343
10	80	800	327
10	80	800	236
10	80	800	320
10	80	800	392
10	80	800	412
10	80	800	412
10	80	800	394
10	81	810	389
10	81	810	378
10	81	810	417
10	81	810	385
10	81	810	415
10	81	810	371
10	81	810	422
10	81	810	440
10	81	810	413
10	81	810	340
10	82	820	443
10	82	820	388
10	82	820	423
10	82	820	342
10	82	820	383
10	82	820	410
10	82	820	390
10	82	820	313
10	82	820	377
10	82	820	367
10	83	830	329
10	83	830	411
10	83	830	326
10	83	830	342
10	83	830	297
10	83	830	426
10	83	830	285
10	83	830	330
10	83	830	351
10	83	830	379
10	84	840	357
10	84	840	423
10	84	840	441
10	84	840	368
10	84	840	294
10	84	840	378
10	84	840	427
10	84	840	408
10	84	840	382
10	84	840	396
10	85	850	366
10	85	850	417
10	85	850	353
10	85	850	427
10	85	850	398
10	85	850	389
10	85	850	394
10	85	850	383
10	85	850	406
10	85	850	416
10	86	860	312
10	86	860	389
10	86	860	445
10	86	860	347
10	86	860	334
10	86	860	271
10	86	860	386
10	86	860	435
10	86	860	400
10	86	860	403
10	87	870	295
10	87	870	353
10	87	870	416
10	87	870	323
10	87	870	396
10	87	870	378
10	87	870	438
10	87	870	421
10	87	870	354
10	87	870	455
10	88	880	431
10	88	880	369
10	88	880	446
10	88	880	410
10	88	880	380
10	88	880	420
10	88	880	414
10	88	880	424
10	88	880	396
10	88	880	396
10	89	890	352
10	89	890	382
10	89	890	431
10	89	890	445
10	89	890	437
10	89	890	385
10	89	890	371
10	89	890	456
10	89	890	441
10	89	890	411
10	90	900	419
10	90	900	446
10	90	900	483
10	90	900	445
10	90	900	420
10	90	900	399
10	90	900	372
10	90	900	453
10	90	900	490
10	90	900	344
10	91	910	377
10	91	910	428
10	91	910	462
10	91	910	421
10	91	910	421
10	91	910	399
10	91	910	424
10	91	910	442
10	91	910	377
10	91	910	384
10	92	920	485
10	92	920	412
10	92	920	372
10	92	920	333
10	92	920	415
10	92	920	406
10	92	920	439
10	92	920	474
10	92	920	396
10	92	920	389
10	93	930	464
10	93	930	397
10	93	930	402
10	93	930	468
10	93	930	426
10	93	930	338
10	93	930	433
10	93	930	444
10	93	930	434
10	93	930	417
10	94	940	475
10	94	940	379
10	94	940	452
10	94	940	429
10	94	940	436
10	94	940	313
10	94	940	482
10	94	940	423
10	94	940	419
10	94	940	454
10	95	950	461
10	95	950	446
10	95	950	397
10	95	950	389
10	95	950	476
10	95	950	496
10	95	950	510
10	95	950	433
10	95	950	407
10	95	950	387
10	96	960	420
10	96	960	482
10	96	960	500
10	96	960	469
10	96	960	474
10	96	960	400
10	96	960	259
10	96	960	342
10	96	960	448
10	96	960	380
10	97	970	445
10	97	970	464
10	97	970	426
10	97	970	488
10	97	970	482
10	97	970	441
10	97	970	494
10	97	970	476
10	97	970	404
10	97	970	424
10	98	980	436
10	98	980	441
10	98	980	447
10	98	980	443
10	98	980	428
10	98	980	268
10	98	980	423
10	98	980	442
10	98	980	500
10	98	980	507
10	99	990	479
10	99	990	379
10	99	990	517
10	99	990	385
10	99	990	396
10	99	990	489
10	99	990	410
10	99	990	522
10	99	990	492
10	99	990	426
10	100	1000	422
10	100	1000	293
10	100	1000	509
10	100	1000	510
10	100	1000	413
10	100	1000	464
10	100	1000	402
10	100	1000	433
10	100	1000	376
10	100	1000	381
10	101	1010	446
10	101	1010	472
10	101	1010	431
10	101	1010	426
10	101	1010	447
10	101	1010	468
10	101	1010	499
10	101	1010	312
10	101	1010	453
10	101	1010	463
10	102	1020	511
10	102	1020	442
10	102	1020	523
10	102	1020	485
10	102	1020	459
10	102	1020	440
10	102	1020	452
10	102	1020	477
10	102	1020	464
10	102	1020	355
10	103	1030	502
10	103	1030	482
10	103	1030	490
10	103	1030	486
10	103	1030	459
10	103	1030	520
10	103	1030	410
10	103	1030	553
10	103	1030	487
10	103	1030	442
10	104	1040	496
10	104	1040	406
10	104	1040	512
10	104	1040	490
10	104	1040	481
10	104	1040	456
10	104	1040	480
10	104	1040	541
10	104	1040	437
10	104	1040	451
10	105	1050	452
10	105	1050	539
10	105	1050	405
10	105	1050	504
10	105	1050	496
10	105	1050	458
10	105	1050	333
10	105	1050	473
10	105	1050	505
10	105	1050	431
10	106	1060	491
10	106	1060	509
10	106	1060	533
10	106	1060	522
10	106	1060	415
10	106	1060	449
10	106	1060	438
10	106	1060	446
10	106	1060	513
10	106	1060	421
10	107	1070	459
10	107	1070	433
10	107	1070	457
10	107	1070	398
10	107	1070	462
10	107	1070	420
10	107	1070	570
10	107	1070	486
10	107	1070	541
10	107	1070	537
10	108	1080	436
10	108	1080	366
10	108	1080	498
10	108	1080	425
10	108	1080	539
10	108	1080	515
10	108	1080	429
10	108	1080	501
10	108	1080	419
10	108	1080	517
10	109	1090	581
10	109	1090	433
10	109	1090	512
10	109	1090	490
10	109	1090	535
10	109	1090	475
10	109	1090	529
10	109	1090	540
10	109	1090	540
10	109	1090	495
10	110	1100	392
10	110	1100	490
10	110	1100	530
10	110	1100	360
10	110	1100	362
10	110	1100	527
10	110	1100	526
10	110	1100	480
10	110	1100	479
10	110	1100	450
10	111	1110	521
10	111	1110	547
10	111	1110	404
10	111	1110	528
10	111	1110	482
10	111	1110	558
10	111	1110	485
10	111	1110	489
10	111	1110	494
10	111	1110	509
10	112	1120	516
10	112	1120	531
10	112	1120	400
10	112	1120	473
10	112	1120	621
10	112	1120	513
10	112	1120	542
10	112	1120	474
10	112	1120	555
10	112	1120	553
10	113	1130	447
10	113	1130	494
10	113	1130	459
10	113	1130	537
10	113	1130	562
10	113	1130	493
10	113	1130	567
10	113	1130	525
10	113	1130	484
10	113	1130	476
10	114	1140	568
10	114	1140	564
10	114	1140	520
10	114	1140	569
10	114	1140	516
10	114	1140	529
10	114	1140	515
10	114	1140	430
10	114	1140	387
10	114	1140	518
10	115	1150	503
10	115	1150	479
10	115	1150	576
10	115	1150	555
10	115	1150	506
10	115	1150	320
10	115	1150	587
10	115	1150	471
10	115	1150	586
10	115	1150	510
10	116	1160	463
10	116	1160	490
10	116	1160	520
10	116	1160	506
10	116	1160	486
10	116	1160	430
10	116	1160	499
10	116	1160	466
10	116	1160	536
10	116	1160	544
10	117	1170	528
10	117	1170	587
10	117	1170	542
10	117	1170	518
10	117	1170	497
10	117	1170	583
10	117	1170	430
10	117	1170	462
10	117	1170	547
10	117	1170	599
10	118	1180	501
10	118	1180	495
10	118	1180	556
10	118	1180	630
10	118	1180	410
10	118	1180	575
10	118	1180	508
10	118	1180	573
10	118	1180	478
10	118	1180	468
10	119	1190	518
10	119	1190	557
10	119	1190	539
10	119	1190	586
10	119	1190	444
10	119	1190	516
10	119	1190	507
10	119	1190	606
10	119	1190	531
10	119	1190	564
10	120	1200	410
10	120	1200	495
10	120	1200	614
10	120	1200	424
10	120	1200	533
10	120	1200	357
10	120	1200	576
10	120	1200	575
10	120	1200	506
10	120	1200	457
10	121	1210	521
10	121	1210	483
10	121	1210	597
10	121	1210	598
10	121	1210	536
10	121	1210	499
10	121	1210	593
10	121	1210	492
10	121	1210	445
10	121	1210	513
10	122	1220	521
10	122	1220	476
10	122	1220	534
10	122	1220	512
10	122	1220	612
10	122	1220	569
10	122	1220	512
10	122	1220	636
10	122	1220	583
10	122	1220	541
10	123	1230	416
10	123	1230	375
10	123	1230	410
10	123	1230	456
10	123	1230	507
10	123	1230	625
10	123	1230	438
10	123	1230	599
10	123	1230	516
10	123	1230	618
10	124	1240	372
10	124	1240	594
10	124	1240	563
10	124	1240	517
10	124	1240	357
10	124	1240	561
10	124	1240	591
10	124	1240	517
10	124	1240	398
10	124	1240	614
10	125	1250	437
10	125	1250	538
10	125	1250	561
10	125	1250	577
10	125	1250	650
10	125	1250	636
10	125	1250	531
10	125	1250	406
10	125	1250	607
10	125	1250	558
10	126	1260	469
10	126	1260	543
10	126	1260	620
10	126	1260	600
10	126	1260	514
10	126	1260	561
10	126	1260	580
10	126	1260	582
10	126	1260	579
10	126	1260	543
10	127	1270	619
10	127	1270	637
10	127	1270	518
10	127	1270	496
10	127	1270	637
10	127	1270	589
10	127	1270	428
10	127	1270	561
10	127	1270	553
10	127	1270	552
10	128	1280	651
10	128	1280	624
10	128	1280	607
10	128	1280	650
10	128	1280	586
10	128	1280	557
10	128	1280	579
10	128	1280	582
10	128	1280	475
10	128	1280	612
10	129	1290	617
10	129	1290	555
10	129	1290	608
10	129	1290	498
10	129	1290	603
10	129	1290	605
10	129	1290	636
10	129	1290	592
10	129	1290	579
10	129	1290	611
10	130	1300	656
10	130	1300	661
10	130	1300	422
10	130	1300	492
10	130	1300	553
10	130	1300	641
10	130	1300	536
10	130	1300	647
10	130	1300	651
10	130	1300	428
10	131	1310	594
10	131	1310	586
10	131	1310	554
10	131	1310	581
10	131	1310	447
10	131	1310	596
10	131	1310	577
10	131	1310	564
10	131	1310	605
10	131	1310	606
10	132	1320	449
10	132	1320	527
10	132	1320	688
10	132	1320	621
10	132	1320	599
10	132	1320	643
10	132	1320	473
10	132	1320	593
10	132	1320	483
10	132	1320	663
10	133	1330	554
10	133	1330	619
10	133	1330	591
10	133	1330	561
10	133	1330	604
10	133	1330	494
10	133	1330	642
10	133	1330	550
10	133	1330	577
10	133	1330	690
10	134	1340	571
10	134	1340	635
10	134	1340	683
10	134	1340	585
10	134	1340	525
10	134	1340	632
10	134	1340	559
10	134	1340	613
10	134	1340	580
10	134	1340	686
10	135	1350	552
10	135	1350	606
10	135	1350	525
10	135	1350	503
10	135	1350	623
10	135	1350	638
10	135	1350	515
10	135	1350	643
10	135	1350	695
10	135	1350	651
10	136	1360	600
10	136	1360	612
10	136	1360	584
10	136	1360	581
10	136	1360	509
10	136	1360	574
10	136	1360	668
10	136	1360	600
10	136	1360	485
10	136	1360	564
10	137	1370	570
10	137	1370	642
10	137	1370	677
10	137	1370	473
10	137	1370	568
10	137	1370	597
10	137	1370	529
10	137	1370	571
10	137	1370	539
10	137	1370	653
10	138	1380	639
10	138	1380	677
10	138	1380	441
10	138	1380	682
10	138	1380	655
10	138	1380	562
10	138	1380	646
10	138	1380	654
10	138	1380	630
10	138	1380	530
10	139	1390	597
10	139	1390	574
10	139	1390	571
10	139	1390	551
10	139	1390	627
10	139	1390	658
10	139	1390	596
10	139	1390	652
10	139	1390	643
10	139	1390	548
10	140	1400	617
10	140	1400	660
10	140	1400	598
10	140	1400	624
10	140	1400	729
10	140	1400	676
10	140	1400	533
10	140	1400	633
10	140	1400	594
10	140	1400	622
10	141	1410	517
10	141	1410	702
10	141	1410	682
10	141	1410	464
10	141	1410	530
10	141	1410	704
10	141	1410	594
10	141	1410	582
10	141	1410	623
10	141	1410	559
10	142	1420	682
10	142	1420	611
10	142	1420	663
10	142	1420	693
10	142	1420	675
10	142	1420	586
10	142	1420	661
10	142	1420	574
10	142	1420	587
10	142	1420	719
10	143	1430	662
10	143	1430	539
10	143	1430	621
10	143	1430	646
10	143	1430	552
10	143	1430	575
10	143	1430	494
10	143	1430	602
10	143	1430	371
10	143	1430	625
10	144	1440	655
10	144	1440	570
10	144	1440	513
10	144	1440	696
10	144	1440	560
10	144	1440	633
10	144	1440	666
10	144	1440	647
10	144	1440	698
10	144	1440	588
10	145	1450	648
10	145	1450	490
10	145	1450	571
10	145	1450	685
10	145	1450	635
10	145	1450	464
10	145	1450	676
10	145	1450	664
10	145	1450	694
10	145	1450	639
10	146	1460	677
10	146	1460	604
10	146	1460	473
10	146	1460	511
10	146	1460	653
10	146	1460	646
10	146	1460	570
10	146	1460	695
10	146	1460	685
10	146	1460	733
10	147	1470	676
10	147	1470	656
10	147	1470	621
10	147	1470	676
10	147	1470	655
10	147	1470	581
10	147	1470	580
10	147	1470	639
10	147	1470	554
10	147	1470	694
10	148	1480	592
10	148	1480	561
10	148	1480	695
10	148	1480	502
10	148	1480	603
10	148	1480	486
10	148	1480	626
10	148	1480	701
10	148	1480	749
10	148	1480	636
10	149	1490	665
10	149	1490	663
10	149	1490	619
10	149	1490	602
10	149	1490	455
10	149	1490	706
10	149	1490	649
10	149	1490	663
10	149	1490	627
10	149	1490	574
10	150	1500	533
10	150	1500	492
10	150	1500	584
10	150	1500	693
10	150	1500	630
10	150	1500	668
10	150	1500	640
10	150	1500	531
10	150	1500	713
10	150	1500	386
10	151	1510	716
10	151	1510	679
10	151	1510	517
10	151	1510	783
10	151	1510	617
10	151	1510	601
10	151	1510	579
10	151	1510	554
10	151	1510	574
10	151	1510	722
10	152	1520	660
10	152	1520	686
10	152	1520	745
10	152	1520	497
10	152	1520	669
10	152	1520	559
10	152	1520	656
10	152	1520	685
10	152	1520	711
10	152	1520	676
10	153	1530	643
10	153	1530	594
10	153	1530	795
10	153	1530	551
10	153	1530	691
10	153	1530	770
10	153	1530	739
10	153	1530	587
10	153	1530	737
10	153	1530	718
10	154	1540	738
10	154	1540	785
10	154	1540	726
10	154	1540	692
10	154	1540	536
10	154	1540	719
10	154	1540	706
10	154	1540	708
10	154	1540	604
10	154	1540	662
10	155	1550	706
10	155	1550	636
10	155	1550	693
10	155	1550	656
10	155	1550	753
10	155	1550	806
10	155	1550	677
10	155	1550	625
10	155	1550	616
10	155	1550	799
10	156	1560	661
10	156	1560	604
10	156	1560	575
10	156	1560	776
10	156	1560	701
10	156	1560	699
10	156	1560	707
10	156	1560	638
10	156	1560	642
10	156	1560	470
10	157	1570	792
10	157	1570	651
10	157	1570	691
10	157	1570	766
10	157	1570	616
10	157	1570	753
10	157	1570	620
10	157	1570	678
10	157	1570	704
10	157	1570	625
10	158	1580	771
10	158	1580	515
10	158	1580	762
10	158	1580	736
10	158	1580	736
10	158	1580	710
10	158	1580	584
10	158	1580	709
10	158	1580	541
10	158	1580	718
10	159	1590	688
10	159	1590	615
10	159	1590	743
10	159	1590	634
10	159	1590	532
10	159	1590	688
10	159	1590	701
10	159	1590	728
10	159	1590	636
10	159	1590	661
10	160	1600	721
10	160	1600	692
10	160	1600	690
10	160	1600	711
10	160	1600	759
10	160	1600	605
10	160	1600	717
10	160	1600	655
10	160	1600	649
10	160	1600	552
10	161	1610	640
10	161	1610	619
10	161	1610	710
10	161	1610	813
10	161	1610	673
10	161	1610	685
10	161	1610	522
10	161	1610	585
10	161	1610	612
10	161	1610	679
10	162	1620	607
10	162	1620	780
10	162	1620	792
10	162	1620	603
10	162	1620	609
10	162	1620	816
10	162	1620	613
10	162	1620	762
10	162	1620	697
10	162	1620	765
10	163	1630	555
10	163	1630	627
10	163	1630	656
10	163	1630	666
10	163	1630	661
10	163	1630	671
10	163	1630	665
10	163	1630	738
10	163	1630	685
10	163	1630	830
10	164	1640	746
10	164	1640	781
10	164	1640	710
10	164	1640	651
10	164	1640	782
10	164	1640	729
10	164	1640	470
10	164	1640	722
10	164	1640	713
10	164	1640	833
10	165	1650	717
10	165	1650	729
10	165	1650	650
10	165	1650	763
10	165	1650	794
10	165	1650	592
10	165	1650	736
10	165	1650	732
10	165	1650	805
10	165	1650	670
10	166	1660	799
10	166	1660	860
10	166	1660	622
10	166	1660	752
10	166	1660	837
10	166	1660	740
10	166	1660	771
10	166	1660	744
10	166	1660	748
10	166	1660	746
10	167	1670	712
10	167	1670	799
10	167	1670	683
10	167	1670	682
10	167	1670	687
10	167	1670	760
10	167	1670	714
10	167	1670	761
10	167	1670	629
10	167	1670	789
10	168	1680	686
10	168	1680	726
10	168	1680	800
10	168	1680	707
10	168	1680	550
10	168	1680	692
10	168	1680	746
10	168	1680	792
10	168	1680	705
10	168	1680	605
10	169	1690	796
10	169	1690	703
10	169	1690	640
10	169	1690	635
10	169	1690	662
10	169	1690	680
10	169	1690	837
10	169	1690	708
10	169	1690	799
10	169	1690	636
10	170	1700	784
10	170	1700	800
10	170	1700	824
10	170	1700	639
10	170	1700	694
10	170	1700	752
10	170	1700	626
10	170	1700	556
10	170	1700	691
10	170	1700	744
10	171	1710	871
10	171	1710	805
10	171	1710	729
10	171	1710	651
10	171	1710	834
10	171	1710	708
10	171	1710	573
10	171	1710	733
10	171	1710	815
10	171	1710	812
10	172	1720	677
10	172	1720	737
10	172	1720	774
10	172	1720	594
10	172	1720	611
10	172	1720	810
10	172	1720	845
10	172	1720	821
10	172	1720	649
10	172	1720	734
10	173	1730	826
10	173	1730	708
10	173	1730	782
10	173	1730	666
10	173	1730	697
10	173	1730	742
10	173	1730	707
10	173	1730	791
10	173	1730	760
10	173	1730	784
10	174	1740	866
10	174	1740	703
10	174	1740	713
10	174	1740	699
10	174	1740	736
10	174	1740	718
10	174	1740	722
10	174	1740	784
10	174	1740	819
10	174	1740	785
10	175	1750	819
10	175	1750	836
10	175	1750	768
10	175	1750	855
10	175	1750	809
10	175	1750	488
10	175	1750	565
10	175	1750	668
10	175	1750	648
10	175	1750	717
10	176	1760	776
10	176	1760	753
10	176	1760	710
10	176	1760	634
10	176	1760	808
10	176	1760	690
10	176	1760	733
10	176	1760	768
10	176	1760	573
10	176	1760	754
10	177	1770	835
10	177	1770	565
10	177	1770	732
10	177	1770	723
10	177	1770	767
10	177	1770	704
10	177	1770	838
10	177	1770	763
10	177	1770	786
10	177	1770	747
10	178	1780	791
10	178	1780	782
10	178	1780	821
10	178	1780	805
10	178	1780	712
10	178	1780	851
10	178	1780	727
10	178	1780	692
10	178	1780	766
10	178	1780	854
10	179	1790	813
10	179	1790	769
10	179	1790	931
10	179	1790	871
10	179	1790	863
10	179	1790	791
10	179	1790	850
10	179	1790	727
10	179	1790	724
10	179	1790	909
10	180	1800	792
10	180	1800	672
10	180	1800	607
10	180	1800	833
10	180	1800	854
10	180	1800	726
10	180	1800	727
10	180	1800	811
10	180	1800	785
10	180	1800	784
10	181	1810	488
10	181	1810	765
10	181	1810	876
10	181	1810	685
10	181	1810	681
10	181	1810	645
10	181	1810	824
10	181	1810	857
10	181	1810	824
10	181	1810	886
10	182	1820	825
10	182	1820	738
10	182	1820	655
10	182	1820	831
10	182	1820	779
10	182	1820	905
10	182	1820	815
10	182	1820	751
10	182	1820	809
10	182	1820	752
10	183	1830	779
10	183	1830	803
10	183	1830	823
10	183	1830	732
10	183	1830	793
10	183	1830	706
10	183	1830	867
10	183	1830	757
10	183	1830	748
10	183	1830	811
10	184	1840	751
10	184	1840	722
10	184	1840	839
10	184	1840	924
10	184	1840	843
10	184	1840	718
10	184	1840	701
10	184	1840	774
10	184	1840	820
10	184	1840	649
10	185	1850	752
10	185	1850	683
10	185	1850	727
10	185	1850	845
10	185	1850	826
10	185	1850	831
10	185	1850	820
10	185	1850	696
10	185	1850	833
10	185	1850	798
10	186	1860	899
10	186	1860	801
10	186	1860	698
10	186	1860	749
10	186	1860	615
10	186	1860	726
10	186	1860	628
10	186	1860	883
10	186	1860	704
10	186	1860	759
10	187	1870	834
10	187	1870	774
10	187	1870	735
10	187	1870	848
10	187	1870	706
10	187	1870	685
10	187	1870	862
10	187	1870	909
10	187	1870	824
10	187	1870	749
10	188	1880	848
10	188	1880	652
10	188	1880	768
10	188	1880	839
10	188	1880	850
10	188	1880	899
10	188	1880	783
10	188	1880	835
10	188	1880	835
10	188	1880	725
10	189	1890	768
10	189	1890	898
10	189	1890	835
10	189	1890	863
10	189	1890	798
10	189	1890	844
10	189	1890	836
10	189	1890	912
10	189	1890	855
10	189	1890	895
10	190	1900	940
10	190	1900	749
10	190	1900	787
10	190	1900	815
10	190	1900	852
10	190	1900	767
10	190	1900	714
10	190	1900	746
10	190	1900	696
10	190	1900	901
10	191	1910	843
10	191	1910	881
10	191	1910	834
10	191	1910	855
10	191	1910	778
10	191	1910	889
10	191	1910	956
10	191	1910	716
10	191	1910	882
10	191	1910	892
10	192	1920	829
10	192	1920	753
10	192	1920	900
10	192	1920	913
10	192	1920	761
10	192	1920	963
10	192	1920	901
10	192	1920	562
10	192	1920	852
10	192	1920	767
10	193	1930	618
10	193	1930	922
10	193	1930	825
10	193	1930	825
10	193	1930	555
10	193	1930	884
10	193	1930	852
10	193	1930	910
10	193	1930	789
10	193	1930	919
10	194	1940	785
10	194	1940	583
10	194	1940	841
10	194	1940	795
10	194	1940	843
10	194	1940	898
10	194	1940	925
10	194	1940	748
10	194	1940	741
10	194	1940	869
10	195	1950	652
10	195	1950	961
10	195	1950	853
10	195	1950	817
10	195	1950	730
10	195	1950	821
10	195	1950	863
10	195	1950	778
10	195	1950	589
10	195	1950	952
10	196	1960	673
10	196	1960	576
10	196	1960	855
10	196	1960	855
10	196	1960	734
10	196	1960	908
10	196	1960	766
10	196	1960	764
10	196	1960	890
10	196	1960	859
10	197	1970	851
10	197	1970	940
10	197	1970	747
10	197	1970	805
10	197	1970	888
10	197	1970	821
10	197	1970	718
10	197	1970	609
10	197	1970	797
10	197	1970	856
10	198	1980	797
10	198	1980	827
10	198	1980	993
10	198	1980	882
10	198	1980	818
10	198	1980	768
10	198	1980	795
10	198	1980	809
10	198	1980	864
10	198	1980	922
10	199	1990	951
10	199	1990	698
10	199	1990	868
10	199	1990	821
10	199	1990	698
10	199	1990	902
10	199	1990	859
10	199	1990	794
10	199	1990	806
10	199	1990	847
10	200	2000	921
10	200	2000	901
10	200	2000	716
10	200	2000	777
10	200	2000	877
10	200	2000	917
10	200	2000	943
10	200	2000	771
10	200	2000	821
10	200	2000	730
