10 10 57
10 10 51
10 10 59
10 10 48
10 10 48
10 10 52
10 10 73
10 10 53
10 10 59
10 10 62
10 10 61
10 10 60
10 10 55
10 10 56
10 10 59
10 10 58
10 10 62
10 10 67
10 10 61
10 10 65
10 10 65
10 10 62
10 10 62
10 10 51
10 10 62
10 10 68
10 10 78
10 10 52
10 10 48
10 10 66
10 10 51
10 10 60
10 10 57
10 10 68
10 10 66
10 10 57
10 10 48
10 10 62
10 10 70
10 10 61
10 10 59
10 10 57
10 10 47
10 10 62
10 10 56
10 10 55
10 10 68
10 10 47
10 10 61
10 10 60
10 10 72
10 10 58
10 10 58
10 10 62
10 10 64
10 10 66
10 10 55
10 10 53
10 10 50
10 10 56
10 10 54
10 10 64
10 10 68
10 10 44
10 10 52
10 10 55
10 10 54
10 10 58
10 10 52
10 10 69
10 10 55
10 10 59
10 10 44
10 10 49
10 10 67
10 10 58
10 10 63
10 10 52
10 10 58
10 10 61
10 10 64
10 10 55
10 10 52
10 10 57
10 10 54
10 10 54
10 10 53
10 10 67
10 10 53
10 10 62
10 10 61
10 10 51
10 10 70
10 10 55
10 10 50
10 10 55
10 10 49
10 10 54
10 10 55
10 10 64
10 50 259
10 50 221
10 50 233
10 50 198
10 50 238
10 50 197
10 50 259
10 50 225
10 50 255
10 50 166
10 50 201
10 50 263
10 50 246
10 50 227
10 50 257
10 50 229
10 50 226
10 50 186
10 50 188
10 50 213
50 50 1381
50 50 1445
50 50 1621
50 50 1408
50 50 1489
50 50 1449
50 50 1505
50 50 1420
50 50 1584
50 50 1436
50 50 1452
50 50 1447
50 50 1500
50 50 1461
50 50 1537
50 50 1501
50 50 1375
50 50 1466
50 50 1507
50 50 1620
60 60 2129
60 60 2214
60 60 2067
60 60 2135
60 60 2162
60 60 2058
60 60 2095
60 60 2237
60 60 2248
60 60 2281
60 60 2280
60 60 2198
60 60 2203
60 60 2222
60 60 2191
60 60 2067
60 60 2129
60 60 2073
60 60 2107
60 60 2220
70 70 2890
70 70 2843
70 70 2853
70 70 3103
70 70 3025
70 70 2922
70 70 2903
70 70 2861
70 70 2940
70 70 2880
70 70 2596
70 70 2824
70 70 2893
70 70 2820
70 70 3036
70 70 2881
70 70 2819
70 70 2765
70 70 2993
70 70 2976
80 80 3850
90 90 4733
100 100 6066
